6367
22422
21856
22763
22567
24525
26152
28049
29818
31796
34830
39172
44813
52804
59882
72047
80661
88433
91538
99480
103737
104403
104979
112421
119239
122404
123477
128864
117429
134186
141470
142976
125208
123901
125253
127205
129426
130954
129977
132543
132998
131837
131741
132880
132837
137292
139098
141252
136569
135197
128776
125516
117318
114824
113718
115592
109275
107565
108230
113121
117877
123513
129023
136611
139818
141683
148621
152505
151061
150750
157478
156517
154574
149441
142064
137407
122897
114390
107299
100212
90053
83441
73574
67747
60041
53651
49283
44456
39866
36446
33390
30180
27921
26668
25216
23553
23373
22372
21888
21989
22934
24216
26308
27631
29118
31679
34106
38323
43545
51214
59469
71091
81458
86345
90142
96484
102255
105776
104662
112433
116723
120121
119728
124641
113198
127980
134392
135206
119877
117743
118188
120031
122437
124383
125809
126853
126006
125545
124879
126643
124800
126419
130325
133612
132432
128472
122631
119383
112619
108937
112152
112986
108526
104501
103183
107800
108556
118863
124200
132229
137032
146751
147682
151889
150663
152037
154310
155422
154875
149458
142382
133597
122937
115693
107637
96181
87938
78885
71370
65870
59156
53513
46449
43402
38596
35097
31473
28870
26870
24951
23413
22686
22226
21364
21672
21874
22500
24090
25749
26934
29626
30871
32827
36850
41776
48739
53928
67812
77193
83737
85380
93154
98785
99353
100250
108045
114938
118061
117326
120372
109736
121612
129557
130269
116127
114098
114520
115004
118375
120478
121492
122612
122272
121456
119755
122445
121828
125371
127533
130425
125500
123255
117308
113588
107308
104504
103911
104940
100989
100474
100884
104513
106296
112714
118050
125610
126757
122410
124887
129044
128499
130539
132199
142786
141286
142228
133975
129283
117919
115593
107777
102022
95339
84455
77816
72556
64329
60370
53514
49030
43744
39510
35864
32492
29750
28211
25524
24627
22939
22221
22321
23497
22754
24972
26124
27952
30149
31561
34511
39126
42758
47017
53099
57698
62672
67285
71600
75233
78694
83882
83900
86593
91024
93238
96339
96998
91211
93008
95670
96082
94664
98648
102724
104449
102910
102443
101480
101839
102886
103173
105131
106294
105637
105760
105340
107669
107115
104405
104066
103047
101101
102613
103993
101617
95904
101877
103137
109292
114209
117711
127048
144656
139813
138881
143201
148788
145506
143918
145649
141036
142937
142622
135737
135272
126855
119191
113694
108119
101272
94040
94931
91313
81289
70201
61888
55809
50551
45700
41726
37812
34561
32820
29921
27746
26382
25305
24452
23947
24351
25485
29237
33113
30933
33208
35860
37472
41984
46686
50633
54034
59278
63012
70151
74429
77507
80629
84931
86882
86887
89605
92773
94036
88825
87438
90470
94168
93293
94301
95021
99832
98964
100195
99718
100516
101655
102646
103102
102434
104142
105245
105266
105039
106320
110048
111621
109852
107553
105084
106005
106217
109161
112556
115527
119909
128200
133306
144485
149891
138962
141856
144980
153182
152562
149304
148119
150591
151940
160442
217808
167598
152288
140197
125601
118311
110714
101407
92150
84049
76750
70074
63237
56848
52744
47933
43095
39395
35899
31814
29717
27958
26402
27993
24788
24120
24557
24826
27227
28983
30868
34105
36594
40456
44523
51779
57274
63756
68927
74315
79564
83802
89196
97512
102094
106975
107576
112712
112501
116251
107873
120162
123029
118862
122708
121039
122329
123583
123775
121735
122021
122773
124804
123860
125799
129310
126906
126636
128835
131891
126649
126173
126982
127530
123827
119797
121225
125538
122490
125060
132679
138250
143566
155627
160948
162103
172282
176466
174104
185402
186342
185646
180336
174081
166165
169031
154080
141753
134401
128048
120457
107432
98418
90996
81653
73953
66652
59240
52781
47737
42823
39390
35523
33214
29914
27832
26790
25363
24101
22885
23013
22938
23568
24612
25573
28027
28338
32446
35162
39174
43319
51036
55910
69677
75839
82977
90166
96897
101767
106107
104391
110360
115742
119527
121884
123124
117950
129601
138259
140672
121540
120590
121454
124111
125839
127195
129198
129812
132594
130800
127888
130235
128718
133835
137224
139662
135037
133586
129736
126111
119088
118103
119589
118579
110399
111296
110339
113715
117849
124169
125268
138364
136706
139576
144336
147662
147949
152169
155620
163007
159577
153977
144134
134634
125199
123022
110454
98146
89782
79702
72465
66265
59989
53236
48071
42859
39442
37165
33980
31009
28145
26595
24826
23806
23223
22245
21600
22027
22930
24588
25867
27192
29400
32452
34813
39914
45304
51092
58780
68993
78601
86704
88679
96191
101697
102489
101130
108121
114453
118607
117148
122785
111966
133298
138388
137115
120817
118128
119385
122083
124355
125049
125673
125524
126640
126386
127844
129815
128929
132897
134737
138825
135786
133367
125168
119741
110073
107770
109929
114510
108642
107260
105727
113114
110317
114965
118842
129145
131523
134455
141613
149388
148641
157764
154477
151490
149253
150595
147135
139044
129474
118162
108633
99727
89660
81771
72521
66982
60879
53337
47773
44261
41192
35499
33258
29579
28485
27821
25415
22917
22925
23951
22134
24209
23414
24197
25405
27529
28191
31028
34047
37699
44050
49852
56547
69456
78902
85875
89881
97705
101838
103256
102553
111279
118093
119827
118516
123705
114708
128809
138139
137112
121909
119863
121958
124328
125588
127730
127185
127861
125692
126522
127857
128555
129300
130761
131969
133595
128349
127681
122960
118954
112601
111533
109331
115688
112302
108172
109702
114417
112075
119391
124458
133300
139612
134824
139951
140585
142047
143095
147913
140047
146115
148618
136013
138556
126865
117565
105435
98486
91789
81636
73889
67358
60885
54617
50201
44896
42792
38129
34318
30348
27914
27679
25301
23201
23977
23466
22664
22890
23614
24024
25864
27109
28387
31120
33729
40141
43327
49633
56492
69715
79358
86117
87280
94737
99294
100739
101473
108025
114924
117719
118780
122116
112556
123698
132851
132534
115486
113361
113739
117047
120096
121119
122706
122669
122762
122235
123280
125694
124398
126342
128133
130469
125940
123031
117622
116395
109954
104576
107240
110258
104411
103255
102755
105125
104326
111117
117659
124411
125183
127371
129246
129195
130001
134399
137459
140024
144020
145085
138417
132359
126851
127068
113294
105970
98657
90494
83241
76810
68232
61598
57632
50441
48103
41681
39020
35566
32146
29103
27253
25574
23986
23602
23715
25614
24959
26377
28783
31030
33473
36486
40902
44933
50417
54928
61927
67843
73282
80594
85700
89471
93229
98121
101720
106419
112179
116761
119125
118046
111751
116010
118209
119857
117488
119919
121679
125456
122660
124368
126233
125681
127356
129984
126914
128591
130216
131027
133723
135271
132807
131468
131314
134159
131435
130989
126384
123573
119662
120914
123758
127968
136332
141309
151707
158558
168456
163169
161862
168710
166681
168350
170424
168606
162189
152785
155213
158465
153533
143694
141640
133184
121902
116210
105078
94184
86337
78398
70101
64003
58384
53159
48549
43928
39884
37475
34196
31706
30383
28690
27840
27667
27334
29119
29705
32360
33941
36002
40495
43835
47950
52807
60030
63758
69258
75072
84183
94785
96491
101186
106539
113279
114854
117020
119535
121237
111907
112011
112943
119101
120398
121943
121366
123146
122456
120255
122807
121069
127298
126168
131531
138139
136949
140703
139461
141205
141447
143429
142238
141082
137461
137140
137104
134948
129938
125879
132746
135890
144572
149167
157530
167271
173212
177770
178576
183463
176013
180068
181943
186311
182124
174110
173031
161570
151389
141873
129083
118137
107506
99174
88280
78352
68947
60127
55731
51115
45899
40972
36639
32925
30430
28427
26683
24967
23842
23046
22465
22658
23018
24073
25821
28523
30384
32585
36722
42477
45424
1056
