33983
114387
106121
96463
88424
78393
71761
62731
54007
46368
42073
36097
31649
30293
25276
22690
20015
18927
17091
15200
13905
13241
12742
12772
11573
11371
10611
10695
10158
10753
9894
10663
12665
15562
18879
24016
29541
34999
44001
54813
71685
85544
93589
102514
109566
111567
112908
122601
129826
134065
139522
144070
146244
141162
143345
143498
138942
139827
142349
140125
142798
146873
152447
161448
167573
176178
179968
180795
180988
180983
180235
178773
175983
175604
173370
170798
164426
162647
159739
157358
148232
144479
142059
145049
144504
145325
149244
149030
151900
143184
147105
144320
139674
137627
135176
126916
117138
111949
100922
97285
86214
77016
65936
59380
51906
45358
42633
44590
42191
38728
37148
36944
33539
33172
31400
30223
29754
19014
13089
12634
11537
11812
12951
10532
10911
11480
11090
12564
14006
15905
19600
24671
29564
36400
45229
56122
72365
85478
91856
102232
105095
107979
109890
117342
124945
131010
135301
138997
138722
138330
136906
140592
134664
134177
137599
138315
138329
142788
149475
156225
161128
167570
172364
173714
171751
171104
168397
166485
162300
163683
162042
158933
152704
149916
146712
144339
138375
134034
130792
133085
128381
135413
134060
142931
141309
139865
139044
142457
143495
135610
134469
126917
118387
107591
100019
92444
82442
72492
65370
58452
51538
45320
39250
33962
29575
26317
23281
21284
19052
17100
15696
14961
13419
12912
11656
11299
10439
10191
9277
9245
9490
9128
9704
10197
11634
14192
18431
22431
26956
33812
41841
53522
70070
81345
90008
97681
102801
104726
104812
114098
118513
124013
127485
133378
131996
128662
131644
133926
126028
125857
127819
127876
121290
124166
126991
132554
136858
137838
139330
139461
136018
131258
131180
126054
124322
126621
120198
120561
114144
111044
109700
107842
101753
100098
98809
96752
96138
97266
98755
99912
100117
101359
106094
106308
102592
100401
99580
96320
93083
88441
84517
83043
76560
70636
63148
59751
52699
49113
43071
38483
34289
31664
27995
25033
22060
19444
17320
15709
14507
13137
11978
10889
10830
10193
9714
9017
8608
9155
8392
8765
9448
9956
10600
11041
12461
13885
18125
20262
23348
26742
32303
38144
41568
47618
54678
61908
67444
73569
79416
83767
85035
89325
92643
95896
93260
93826
95389
94554
95011
95573
95898
99405
96285
96764
95327
92793
91677
90367
89161
88667
88504
91859
91931
92863
95662
97120
96121
97833
98629
96923
95337
95191
93750
93768
92843
94428
94488
92625
92554
92770
92333
94715
90978
91772
87853
87125
84461
84001
78056
73545
68578
63509
58460
51584
47804
43221
37852
36025
33203
28850
25437
23626
21106
19467
17752
16022
14153
13644
12992
12109
11317
10313
9693
9811
9361
8699
9206
8640
9898
9585
11144
13901
15637
17737
21246
24861
31594
35212
42151
49455
57802
66778
76508
86271
94040
101689
108276
113768
115614
117998
119018
117721
121151
120015
120581
121784
121548
124621
119496
120253
117857
119200
113434
115690
114458
113532
113953
116144
118569
120524
122138
124887
127323
130584
128966
129063
128774
129944
130613
136594
143274
148406
149912
146606
145753
145977
143093
139953
134336
140192
124342
120681
109894
101250
91267
85950
80524
74375
60179
50829
43766
38198
32312
29375
25933
23249
20535
19162
17215
15471
15549
13334
13698
11735
12331
11328
11965
10433
9813
10951
11219
11047
15123
14957
20780
22050
29167
32846
43140
51785
68115
77761
87379
96826
103851
106770
110625
120109
129193
133936
138779
144422
144212
144328
146642
145862
140197
140676
144818
150639
145088
148733
155471
165168
167383
171745
177588
179137
176420
175309
172790
170991
170695
169873
166423
163695
160274
157080
154948
152513
144895
142175
140541
140480
139908
142906
144061
155272
154431
156802
169621
157245
188240
146746
137703
135058
125475
113546
107513
98053
87846
78682
69454
62668
55045
48126
42600
38042
32817
28421
26475
23088
20382
18193
17752
16439
13429
13735
13827
11072
10498
10759
12538
10245
12152
9489
13463
10682
12073
15142
18552
22480
28083
34801
44007
55936
70143
82432
91336
97979
106761
110324
113783
121463
130500
136854
141894
147160
144827
145893
146931
147382
143646
145835
149761
150651
147253
150925
157730
165488
169553
174838
179328
179207
176786
178134
177102
176805
172733
174656
173247
171338
164314
163320
159459
157588
149335
146213
144061
143317
142054
142460
147782
149701
149124
146579
144005
146589
143623
137239
132684
124661
121424
113694
103825
94724
86636
78795
71215
61906
55006
47497
43232
36783
31851
29228
24350
22632
20175
19612
17481
17039
14433
16761
12120
12360
11731
10995
9918
11306
11153
11644
11971
12390
13890
16548
19459
24046
29295
35465
42963
54474
70034
81885
89432
98525
104738
109144
109890
117760
124471
129535
134746
137370
134261
132721
134096
141123
136217
137282
140517
143715
140648
146185
151008
158485
159066
166290
170252
171756
169520
169345
168529
166975
166545
159312
163647
160230
157234
158010
153264
151310
142862
141772
137070
136044
133962
136663
143283
142820
142221
136139
138894
139406
136280
129743
127195
121154
116601
112298
101701
104864
85596
80344
68757
63379
54016
48305
42340
37348
32420
29372
26937
23209
20254
19004
17559
15988
14282
13230
12539
12185
11755
11393
10536
10612
9657
10164
10567
11078
13284
15184
18634
22747
27092
33589
42487
54659
69818
81851
90478
98775
105740
107526
110496
116880
122080
128292
131981
134378
132668
134286
134467
141713
139380
139960
142620
143208
142804
145772
150227
158378
162319
166370
168322
169984
168970
168920
169403
166326
163910
164434
161274
159360
156132
154183
149028
148267
140801
135427
133058
131824
128940
135205
137304
139894
143803
135879
136185
131102
131052
131826
126620
120719
118462
106578
103912
97987
86936
76548
70493
60656
53233
49554
41795
36256
32521
28479
26135
22531
19666
17912
15968
14714
13769
12873
11955
11421
10514
10144
9387
9540
9800
9561
9620
10184
11578
14118
17150
20849
25564
31314
38842
50635
65505
75528
83491
91157
97127
98131
100214
107241
115404
121577
127233
131793
129914
123319
127638
132275
126597
126522
129549
128897
124111
129386
131339
134401
135941
139296
141257
139425
136498
134927
133217
129534
128396
128029
126371
124135
121193
119153
117762
115559
110396
106463
105519
103244
102803
100559
107063
103036
105055
99459
104524
106731
112072
99154
98287
96695
94310
89888
93118
93306
85851
77095
72865
64132
60729
53972
49028
44779
39211
34737
30950
28550
25027
22015
19653
17825
15901
14790
13424
13314
11480
10675
10133
9551
8991
9222
9036
8658
9445
9392
10526
11514
12281
14438
16966
19618
22992
27022
31973
36935
42607
49390
57110
63945
70198
78769
84015
89525
95483
98972
102918
103967
105728
105865
105568
107210
108783
109984
112029
112897
113634
114883
112610
112309
112710
111113
110432
107927
110721
112110
114095
112450
117309
115347
119163
121102
119886
120202
115172
115346
107008
105863
108230
110481
110833
105935
104506
105372
104954
106665
105184
103135
99892
98249
92517
91627
87887
82861
78481
71492
62928
58456
53370
49244
44238
40454
36164
32224
28735
26727
23957
21141
18678
17162
15413
14327
13865
13557
11905
11085
10216
9915
9160
9006
9435
10185
9535
10219
11127
13170
15337
17377
23232
25949
28840
33717
40552
49126
58381
66244
76836
87262
96686
102529
111563
120505
123218
127526
128706
128051
131378
133991
131165
132520
136016
131492
131583
128518
130955
128956
129599
124187
122354
121174
128895
130266
136193
135640
138037
139808
141227
139789
140750
140041
139033
136486
136079
138777
142513
147488
144214
140006
144037
143504
139419
136583
132411
130872
128245
125769
116953
116421
100618
88923
82948
74021
63679
55980
50589
41856
37140
716
